1156338171064369252
1156340255654412288
1156340449053790289
1156343840702222437
1156344353699139705
1156345154924462101
1156345669058039918
1156346047182930020
1156347037810434078
1156347786393047141
1156347977762357289
1156348295556378717
1156348729608110080
1156349850292604968
1156351036710211594
1156352490506301550
1156353279014473810
1156353909913297007
1156354197097304105
1156354541533528185
1156354589436686467
1156355098616811520
1156356202909945897
1156359194610515998
1156359584303296583
1156360436241924219
1156361212100083714
1156361347769040937
1156363131090649188
1156363275257266196
1156363511883120690
1156363668787843173
1156363752229326848
1156364949157847193
1156365320894824469
1156370963148058704
1156371406351773756
1156371613256785971
1156372252330315846
1156376129351995432
1156376338668716062
1156377535010066432
1156379029746753587
1156379627590262854
1156380124267155647
1156380840545222736
1156384112999923742
1156389818683637832
1156391787703844884
1156392643463487569
1156393369208102994
1156393860486934610